13.6
14.9
14.5
9.6
13.2
5.3
14.1
2.0
1.0
2.4
0.2
0.6
0.5
1.0
2.0
2.2

0.8
0.8
0.2
0.7
0.2
0.4
0.3
0.4
0.1

10.8
2.7
2.1
6.9
2.5
18.6
11.5
11.4
10.9
6.9
6.2
5.5

0.3

1.0
0.8
0.9
0.5
0.4
7.2

0.4

13.6
9.1
9.1

0.8
8.1

1.4
1.6
2.1
0.5

1.2
0.4
3.5
8.7
0.3
11.8
5.1
3.8
1.6
0.1
0.3
0.6
1.9
2.1
0.6

1.6
2.0

1.2
1.0
1.2
1.0
0.1

13.7
10.0
3.2
3.2
1.4
1.4
1.1
1.2
3.9
0.5
0.9
0.2
0.8
0.8
8.4
6.1
6.1
10.0
4.2
4.3
4.3
1.6
1.1
1.7
7.8
4.4
0.6
0.5
0.8
0.8

3.3
5.8
4.9
4.9
4.9

0.6
2.2
0.1
0.2
5.3
5.4
4.4
1.4
6.6
5.3
5.2
2.8
2.1
2.1
2.1


0.5

3.2
3.0
2.8
2.9

4.3
2.6
3.5
3.2
1.4
5.5
2.1


1.4
0.6

1.4
0.5


4.1
3.6
2.8


2.8


3.4
2.4
2.4


1.2
1.2
1.0
1.2
1.1
3.4


1.8
0.8
0.3

4.5
0.3
0.4
0.2

3.3
3.3




0.4
1.4
0.9
0.5
0.5
0.1





0.5
1.4
0.7
0.5
0.0
3.4
0.2
0.2
0.0
0.9
0.6
0.5
0.4
0.2
3.1
2.1
3.0
2.3
1.1
2.2

0.2

0.3
0.9
0.3
0.9


0.5
1.8
1.1




0.1

1.8
0.2
30.1
16.2
28.8
3.3
3.2



16.0
15.1
3.8


27.3
18.1
26.3
0.8
1.8
2.9
2.9
0.1
20.3
