13.5
14.1
13.8
11.6
12.4
13.6
11.0
2.4
0.8
2.6
0.2
1.6
1.6
0.6
2.0
5.1

0.8
0.8
0.2
0.8
0.2
0.3
0.3
0.2
0.1

11.9
9.5
2.2
8.5
3.1
18.8
11.4
11.5
11.4
6.6
4.6
4.7

0.3

1.0
0.4
0.9
0.5
0.2
6.4

0.4
0.5
14.0
9.4
9.4

0.7
8.4

1.3
1.6
2.4
2.0

1.1
0.5
3.3
9.1
0.8
11.8
4.0
4.2
1.9
0.1
0.3
0.5
2.0
2.1
1.8
0.1
1.5
2.5

1.4
1.2
1.2
1.0
0.3

16.1
12.6
3.4
3.4
1.1
1.0
1.0
1.2
1.5
0.5
0.8
0.2
0.6
1.3
8.4
6.2
6.5
10.2
4.3
5.0
5.0
1.8
2.1
1.1
6.6
4.8
0.7
0.6
1.8
1.8

3.1
6.2
5.3
5.2
5.1

1.5
1.9
0.1
0.6
6.2
6.5
5.3
1.4
7.2
5.7
5.6
2.7
2.0
2.0
2.0


0.6

3.1
2.9
2.9
2.2

2.8
2.7
3.8
3.2
1.2
5.5
2.4


1.5
4.7

1.4
0.7


4.0
3.6
3.2


2.7


3.3
2.3
2.3


1.1
1.3
1.0
1.1
0.9
3.6


1.8
0.6
1.1

2.3
1.0
0.4
1.1

3.3
3.3




1.2
1.4
0.9
0.4
0.4
0.1





0.5
1.6
1.6
1.6
0.0
3.6
0.2
0.2
0.1
1.0
0.6
0.6
0.4
0.2
3.6
4.2
3.2
2.2
1.1
2.2

0.2

0.3
1.0
0.4
0.9


0.5
2.3
1.0




0.1

1.6
0.7
32.2
16.7
30.5
14.5
14.9



15.1
15.1
14.2


29.9
19.2
28.7
0.8
1.6
3.1
3.1
0.1
20.6
