13.0
13.8
13.5
12.5
11.0
5.1
10.4
2.7
0.6
1.0
0.2
0.8
0.8
0.4
2.1
1.9

0.8
0.8
0.2
0.8
0.2
0.1
0.1
0.1
0.1

17.0
4.0
2.3
9.4
3.5
19.0
11.4
12.0
12.3
6.2
3.4
3.9

0.3

1.0
0.3
0.9
0.5
0.2
2.0


0.5
14.2
9.5
9.5

0.5
8.8

1.3
1.5
2.5
0.7

0.9
0.8
2.9
9.8
1.4
11.7
4.0
4.5
1.9
0.1
0.3
0.3
2.2
2.1
0.7
0.1
0.5
2.7

2.3
0.4
0.6
0.9
0.1

17.5
14.1
3.5
3.5
1.0
0.8
0.9
1.1
0.7
0.2
0.7
0.2
0.6
1.6
8.4
6.3
6.6
10.5
4.3
5.8
5.8
2.2
1.0
0.6
6.4
5.2
0.8
0.6
3.2
3.2

2.7
6.4
5.7
5.7
5.5

0.9
1.6

1.1
6.9
6.9
6.3

7.7
6.1
5.9
2.6
1.9
1.9
1.9


0.7

3.1
2.7
2.9
1.8

1.0
2.9
4.0
3.2
1.0
5.2
2.4


1.8
6.1

1.5
1.0


4.0
3.7
3.5


2.6


3.3
2.3
2.3


1.1
1.3
1.0
1.0
0.9
3.7


1.8
0.4
1.0

0.2
1.0
0.4
0.2

3.2
3.2




0.5
1.3
1.0
0.4
0.4
0.1





0.6
1.6
2.7
0.5
0.0
3.8
0.2
0.2
0.0
1.1
0.6
0.7
0.3
0.2
4.3
6.2
3.6
2.2
1.0
2.1

0.2

0.3
1.0
0.5
1.0


0.6
2.6
0.9






0.7
0.9
34.7
16.8
32.3
4.7
4.7



14.0
15.1
4.4


31.4
19.9
31.0
0.8
1.4
3.1
3.1
0.0
20.8
