1.93
1.43
1.10
0.32
0.32
0.11
0.20
0.04
0.00
0.03
0.00
0.02
0.02
0.00
0.06
0.07

0.27
0.26
0.01
0.25
0.01
0.01
0.00
0.00
0.00

0.25
0.08
0.03
0.10
0.04
7.05
2.03
1.93
1.60
0.31
0.03
0.10

0.01

0.00
0.00
0.02
0.00
0.00
0.07

0.00
0.00
5.01
3.36
3.35

0.00
1.66

0.09
0.08
0.17
0.02

0.02
0.01
0.09
1.19
0.00
0.61
0.10
0.35
0.11
0.00
0.00
0.00
0.14
0.10
0.02
0.00
0.02
0.05

0.04
0.01
0.02
0.01
0.00

7.21
4.83
0.23
0.23
0.00
0.10
0.02
0.02
0.00
0.00
0.08
0.01
0.07
0.00
1.53
0.88
0.29
0.36
0.16
0.13
0.12
0.01
0.03
0.00
0.10
0.19
0.00
0.01
0.01
0.01

0.06
1.48
1.14
1.10
1.06

0.02
0.01
0.00
0.00
0.34
0.22
0.12
0.00
2.65
1.77
1.62
0.15
0.07
0.07
0.07


0.00

0.33
0.14
0.09
0.05

0.05
0.14
0.48
0.07
0.01
0.22
0.12


0.06
0.01

0.05
0.00


0.74
0.39
0.27


0.12


0.34
0.00
0.00


0.02
0.01
0.00
0.01
0.01
0.27


0.03
0.00
0.01

0.00
0.01
0.00
0.01

0.94
0.92




0.01
0.01
0.16
0.03
0.03
0.00





0.07
0.03
0.01
0.01
0.00
1.13
0.05
0.05
0.00
0.24
0.10
0.15
0.02
0.00
0.09
0.01
0.08
0.39
0.09
0.30

0.00

0.01
0.26
0.02
0.24


0.05
0.06
0.00




0.00

0.00
0.00
10.09
1.37
8.72
0.10
0.10



0.64
0.47
0.12


7.96
0.61
7.35
0.01
0.02
0.23
0.23
0.00
5.97
