1.95
1.38
1.07
0.31
0.37
0.15
0.22
0.04
0.00
0.03
0.00
0.02
0.02
0.00
0.06
0.08

0.26
0.25
0.01
0.23
0.01
0.01
0.00
0.00
0.00

0.19
0.07
0.03
0.06
0.03
7.19
2.25
2.12
1.73
0.36
0.03
0.13

0.01

0.00
0.00
0.02
0.01
0.00
0.10

0.00

4.94
3.34
3.34

0.00
1.60

0.09
0.08
0.16
0.01

0.02
0.01
0.11
1.13
0.00
0.60
0.08
0.32
0.10
0.00
0.00
0.00
0.15
0.11
0.02

0.03
0.06

0.04
0.01
0.02
0.01
0.00

6.23
3.95
0.21
0.21
0.00
0.11
0.02
0.02
0.00
0.00
0.08
0.01
0.07
0.00
1.41
0.80
0.28
0.33
0.16
0.13
0.12
0.00
0.02
0.01
0.12
0.21
0.00
0.01
0.00
0.00

0.06
1.54
1.14
1.11
1.07

0.02
0.02
0.00
0.00
0.39
0.25
0.14
0.00
2.34
1.54
1.40
0.14
0.07
0.07
0.07


0.00

0.30
0.12
0.07
0.05

0.06
0.12
0.43
0.05
0.01
0.20
0.11


0.05
0.00

0.05
0.00


0.74
0.38
0.25


0.13


0.35
0.00
0.00


0.02
0.00
0.00
0.01
0.01
0.28


0.03
0.00
0.01

0.00
0.01
0.00
0.01

0.92
0.90




0.01
0.01
0.14
0.03
0.03
0.00





0.06
0.03
0.01
0.01
0.00
1.02
0.05
0.05
0.00
0.21
0.09
0.13
0.03
0.00
0.07
0.01
0.06
0.39
0.09
0.29

0.00

0.01
0.22
0.02
0.21


0.04
0.04
0.01




0.00

0.00
0.00
9.26
1.24
8.02
0.07
0.07



0.65
0.45
0.14


7.29
0.47
6.81
0.01
0.02
0.21
0.21
0.00
5.85
