14.0
2.5
1.7
0.8
1.9
0.4
1.5
0.0
0.0
0.0
0.0
9.0
2.4
6.6
0.0
0.7

0.2
0.2
0.0
0.2
0.0
0.0
0.0
0.0
0.0

0.2
0.1
0.1
0.0
0.0
11.0
4.9
4.3
3.5
0.4
0.4
0.6

0.1

0.0
0.0
0.0
0.0
0.0
0.5

0.0
0.0
6.0
3.6
3.5

0.0
2.5

0.1
0.1
0.0
0.0

0.2
0.0
0.1
2.0
0.0
1.6
0.0
0.3
0.1
0.0
0.0
0.0
0.5
0.4
0.0
0.0
0.0
0.4

0.1
0.0
0.1
0.0
0.0

17.8
10.7
0.5
0.5
0.0
3.6
3.6
0.0
3.5
0.0
0.0
0.0
0.0
0.0
1.8
1.0
0.6
0.1
0.1
0.1
0.1
0.0
0.0
0.0
0.4
0.7
0.0
0.0
0.0
0.0

0.1
2.1
0.5
0.4
0.4

0.1
0.0
0.0
0.0
1.5
1.3
0.2
0.0
2.1
1.0
0.9
0.1
0.0
0.0
0.0
0.0

0.0

0.3
0.2
0.2
0.0

0.0
0.1
0.7
0.3
0.0
0.1
0.1


0.2
0.0
0.0
0.2
0.0


1.3
1.0
0.9


0.1
0.0
0.0
0.2
0.0
0.0


0.0
0.0
0.0
0.0
0.0
0.1

0.0
0.0
0.0
0.0

0.0
0.0
0.0
0.0

1.2
1.2




0.0
0.0
0.2
0.0
0.0
0.0
0.0




0.0
0.0
0.1
0.0
0.0
2.2
0.0
0.0
0.0
0.9
0.1
0.8
0.0
0.0
0.8
0.8
0.0
0.2
0.0
0.2

0.0

0.0
0.1
0.0
0.1
0.0

0.0
0.1
10.8
0.2
0.1
0.0

10.5
0.0
0.0
0.0
44.7
38.6
6.1
0.3
0.3

0.0

1.1
0.7
0.0


4.7
0.4
4.2
0.0
0.0
0.9
0.9
0.0
5.9
