38.9
21.9
20.4
25.5
14.4
17.8
13.1
0.0
0.0
0.0
0.0
25.2
8.9
22.4
1.6
9.9
0.0
1.1
1.0
0.0
1.0
0.0
0.1
0.0
0.1
0.0
0.0
7.2
10.1
12.8
1.4
0.0
39.9
29.1
27.8
30.3
5.8
6.4
5.4
0.0
1.8
0.0
10.2
0.0
0.8
0.8
1.1
14.5
0.0
0.0
0.0
24.8
15.2
15.2
0.0
0.8
28.4
0.0
1.2
1.6
1.0
1.6
0.0
9.4
1.1
2.2
9.0
0.0
16.3
2.3
3.8
1.7
0.0
0.0
0.0
3.1
5.6
3.4
0.0
0.0
6.3
0.0
0.8
0.8
0.8
0.2
0.0
0.0
47.0
33.0
4.4
4.4
0.0
35.9
37.6
4.5
39.1
0.0
0.0
0.0
0.0
0.0
11.5
4.1
4.8
5.1
2.1
2.2
2.2
0.0
1.5
0.0
8.8
18.2
0.0
0.0
0.0
0.0
0.0
3.2
12.5
2.3
2.5
2.5
0.0
1.8
1.0
0.0
0.0
10.4
11.9
5.5
0.0
11.0
8.7
8.9
3.0
0.0
0.0
0.0
0.0
0.0
0.0
0.0
4.7
5.9
7.4
1.5
0.0
2.0
2.6
7.0
1.5
0.0
4.1
3.8
0.0
0.0
2.4
0.0
3.0
2.3
0.1
0.0
0.0
7.0
7.0
11.0
0.0
0.0
1.7
0.0
0.0
1.4
0.0
0.0
0.0
0.0
0.0
0.0
0.0
0.0
0.7
2.6
0.0
0.0
0.6
0.8
0.6
0.0
0.0
0.6
0.7
0.2
0.0
7.3
7.1
0.0
0.0
0.0
0.0
0.3
5.0
1.4
0.4
0.4
0.0
0.0
0.0
0.0
0.0
0.0
0.2
0.0
10.0
0.9
0.0
14.6
0.2
0.2
0.0
3.0
1.0
3.0
0.0
0.0
3.6
19.0
0.0
0.8
1.2
0.8
0.0
0.0
0.0
0.2
1.1
0.1
1.1
0.0
0.0
0.2
3.0
108.9
6.2
4.8
6.7
0.0
108.9
0.0
0.0
4.3
89.7
83.0
35.6
15.2
15.2
0.0
0.0
0.0
10.9
10.2
3.3
0.0
0.0
38.1
10.9
16.2
0.0
0.0
6.4
6.4
1.7
33.2
