7.0
5.2
5.0
5.9
3.9
4.7
3.4
0.2

0.2

1.3
0.7
0.6
0.2
2.1

0.9
0.9

0.9
0.2
0.0
0.1
0.0
0.1

2.3
1.5

2.5
2.9
25.1
13.7
13.7
14.7
1.9
2.2
0.2

0.3



0.1
0.1

0.6



17.8
15.0
15.0


8.3

0.4
0.6
1.4
0.5

0.9
1.0
1.1
1.1

6.3
1.0
2.2
0.8
0.1
0.1

0.4
0.3
0.4


0.3

0.5
0.3
0.2
0.6


18.7
13.4
1.9
1.9

1.4
2.2
2.6
3.2
1.1
0.0

0.0

6.1
2.2
2.0
2.5
1.7
1.7
1.7
2.7
1.4

15.0
3.1






2.7
1.3
1.3
1.3

0.7
2.2


1.2
1.4
0.7

3.9
3.7
3.7
0.5
0.4
0.4
0.4


0.4

0.8
0.8

0.8

1.1
0.6
0.7
0.5
0.9
2.8
0.8


0.5


0.5
7.9


3.6
3.6
3.2


0.9


0.5








0.3
0.6


0.8

0.2


0.2
0.2


1.7
1.7




0.7

0.9
0.4
0.4






0.5
0.0
0.4
0.6

1.7
0.1
0.1

0.9
0.6
0.6
0.0
0.1
0.1
3.8
0.0
0.3
0.3
0.3

0.2

0.0
0.8
0.0
0.8


0.1
0.9
0.8




2.2
1.6

0.4
29.4
22.3
25.6
7.8
7.8



7.9
8.7
5.4


25.6
7.3
25.6
0.2
4.2
0.9
0.9

11.1
