9.6
11.8
11.6
10.2
9.4
4.6
7.3
0.4
0.3
0.5
0.1
1.8
1.5
0.7
1.9
1.9

0.8
0.8
0.0
0.8
0.2
0.2
0.1
0.1
0.0

10.4
2.8
1.7
5.8
3.5
23.0
13.0
12.9
12.1
5.2
11.0
2.8

0.8

1.2
0.6
0.4
0.4
0.3
1.7


0.4
17.0
12.7
12.7
0.0
0.5
8.9

1.7
1.7
1.5
0.5

2.6
1.7
2.4
9.1
0.2
12.2
2.9
4.1
1.9
0.2
0.1
0.6
1.7
2.4
0.9

0.3
0.8

1.5
0.2
0.5
0.6
0.2

15.6
12.1
4.1
4.1
1.3
2.7
9.7
0.9
7.6
1.0
0.8
0.1
0.8
0.1
7.9
5.8
8.6
7.9
3.3
3.6
3.3
2.0
1.1
1.6
13.9
7.1

0.2



1.1
4.3
3.9
3.9
3.9

1.1
1.7

0.8
4.3
4.3
3.3

6.0
5.1
5.0
3.0
2.5
3.0
3.0


0.5

2.9
2.1
1.1
1.6

1.2
2.3
2.9
1.6
0.7
5.7
1.4


1.5
1.2

1.5
0.5


3.9
3.5
3.2


2.1


2.8
0.7
0.7


1.3
0.3
1.3
1.4
0.9
3.8

2.6
1.1
0.3
1.5

0.7
1.5
0.5
0.3

2.3
2.3




0.9
1.6
1.3
0.2
0.2
0.1





1.1
2.1
4.4
0.4
0.1
2.5
0.1
0.1

1.0
0.8
0.2
0.4
0.2
0.2
5.7
0.0
1.3
0.8
1.1

0.1

0.6
0.8
0.3
0.8


0.4
2.3
1.7
0.4



22.6
1.6
0.7
0.6
38.1
18.3
37.6
13.7
13.7

0.3

14.1
14.1
4.1


37.9
18.2
37.7
1.5
8.5
2.6
2.6
0.0
17.5
