1.07
0.65
0.51
0.14
0.28
0.13
0.15
0.01
0.00
0.01
0.00
0.07
0.05
0.02
0.03
0.03

0.23
0.22
0.00
0.21
0.01
0.00
0.00
0.00
0.00

0.15
0.05
0.01
0.07
0.01
9.88
3.24
3.16
2.79
0.18
0.19
0.07

0.01

0.00
0.00
0.01
0.01
0.00
0.04


0.00
6.65
4.76
4.76

0.00
1.88

0.10
0.10
0.07
0.01

0.04
0.02
0.15
1.41
0.00
0.93
0.06
0.28
0.10
0.00
0.00
0.00
0.06
0.03
0.01

0.00
0.02

0.02
0.00
0.01
0.01
0.00

6.12
3.89
0.25
0.25

0.08
0.06
0.01
0.04
0.02
0.01
0.00
0.01
0.00
1.23
0.72
0.37
0.14
0.15
0.12
0.10
0.02
0.03

0.29
0.21

0.00



0.02
0.71
0.51
0.46
0.46

0.02
0.03

0.00
0.21
0.13
0.07

1.54
1.10
1.06
0.03
0.03
0.03
0.03


0.00

0.16
0.06
0.03
0.03

0.03
0.07
0.25
0.09
0.01
0.08
0.03


0.04
0.01

0.03
0.00


0.84
0.63
0.47


0.16


0.21
0.00
0.00


0.01
0.00
0.00
0.00
0.03
0.16

0.00
0.01
0.00
0.01


0.01
0.00
0.01

0.48
0.46




0.01
0.01
0.18
0.04
0.04
0.00





0.02
0.01
0.10
0.01
0.00
0.91
0.04
0.04

0.29
0.19
0.10
0.10
0.00
0.08
0.08
0.01
0.15
0.04
0.10

0.00

0.01
0.16
0.00
0.16


0.04
0.07
0.03




0.02

0.00
0.01
10.37
2.90
7.47
0.12
0.12

0.00

0.58
0.46
0.08


6.68
0.17
6.50
0.00
0.09
0.10
0.10

4.77
