10.3
12.0
11.8
5.2
12.3
4.3
3.4
0.4
0.2
0.5
0.1
2.0
1.5
0.8
0.7
2.3

0.8
0.8
0.0
0.8
0.3
0.2
0.1
0.1
0.0

4.5
3.6
2.5
5.0
3.6
24.7
13.2
13.0
12.1
5.2
3.7
2.3

0.4

1.2
0.8
0.4
0.3
0.3
1.9


0.4
17.9
13.4
13.4

0.5
9.2

1.7
1.7
1.7
0.4

0.8
0.5
2.5
10.4
0.2
13.7
2.5
4.1
2.2
0.2
0.1
0.6
1.5
0.6
0.9

0.3
0.6

0.5
0.3
0.4
0.7
0.1

13.7
10.5
4.6
4.6

3.2
1.8
0.8
10.1
0.8
1.0
0.1
0.9
0.1
7.2
5.6
7.4
6.3
3.1
4.2
3.1
2.2
1.1

10.3
6.7

0.1



1.3
4.3
3.9
4.0
4.0

0.5
1.8

0.2
4.3
4.3
1.5

5.1
4.3
4.2
0.8
0.8
0.8
0.8


0.5

3.1
3.1
1.2
0.7

1.3
2.6
2.6
1.6
0.7
2.1
1.6


1.9
1.4

1.5
0.5


3.9
3.6
3.3


2.3


2.6
0.7
0.7


1.2
0.3
2.4
1.1
1.2
4.2

2.6
0.4
0.4
0.3


0.3
0.4
0.3

2.3
2.3




0.3
1.6
2.0
0.2
0.2
0.2





1.0
0.3
3.9
0.4
0.1
2.9
0.1
0.1

1.1
0.9
0.3
0.8
0.3
0.4
7.3
0.1
1.1
0.9
1.1

0.0

0.7
0.7
0.2
0.7


0.4
2.3
2.4




22.6

0.8
0.8
36.7
18.2
35.3
4.1
4.1

0.3

14.1
14.4
4.4


35.5
7.2
35.3
2.0
8.5
2.2
2.2

15.7
