8.9
11.3
10.4
5.8
7.4
5.0
2.2
0.4
0.3
0.4
0.0
1.5
1.5
0.6
0.5
1.2

0.9
0.9
0.0
0.8
0.2
0.2
0.1
0.1
0.0

3.8
2.2
1.2
6.4
3.3
21.3
12.4
12.3
12.0
5.1
3.6
2.8

0.2

1.3
0.4
0.3
0.5

1.2



14.5
11.5
11.5

0.4
8.7

1.7
1.5
1.3
0.5

2.6
0.6
2.0
8.7
0.1
10.3
1.1
4.0
1.6
0.2
0.2
0.5
2.0
0.9
0.9

0.2
1.0

0.4
0.1
0.5
0.5
0.2

17.0
13.0
3.5
3.5
1.3
2.6
1.6
1.1
4.3
1.2
0.8
0.1
0.8

8.4
6.2
10.0
11.0
4.2
3.3
3.3
1.3
1.1
1.6
18.7
8.9

0.3



0.8
4.3
3.8
3.8
3.8

0.5
1.5

1.6
4.4
4.2
1.3

6.5
5.6
5.5
2.6
0.9
0.9
0.9


0.5

2.6
1.8
1.1
1.4

1.1
1.6
3.2
1.7
0.7
2.3
1.4


0.4
0.7

0.4
0.5


3.9
3.3
3.0


2.1


3.3




1.3

1.0
1.5
0.8
3.5


0.3
0.3
0.3

0.7
0.3
0.6
0.3

2.2
2.2




0.4
1.5
1.0
0.2
0.2
0.1





1.2
0.2
5.1
0.4

2.3
0.1
0.1

0.8
0.7
0.2
0.2
0.1
0.1
3.2
0.0
1.3
0.6
1.2

0.0

0.5
0.8
0.3
0.8


0.4
2.1
0.7
0.4




1.6
0.4
0.5
39.7
18.7
38.6
6.2
6.2



12.4
12.2
3.7


38.8
16.7
38.2
0.6
9.2
2.7
2.7
0.0
18.9
