24.2










25.0
29.4
22.3

7.6

0.1
0.1

0.1











7.5
10.5
11.3
8.0
9.3
7.8
0.8

1.2



0.4






2.9
2.7
2.7


2.0




0.7




3.2



3.2

















27.9
17.3



117.3
117.3

146.3
59.3




11.9
0.9
22.9







13.4
2.2





1.2
1.0
0.4
0.4
0.4





1.3
1.2
1.6

6.4
5.3
3.7
8.5














13.1






13.1


13.1



4.2
4.9
4.9





1.6








1.6












6.0
6.0






23.7
22.9
22.9







3.1



17.0
0.1
0.1

0.1
0.1
0.0
0.0

37.9
43.3
0.0
0.1

0.2

0.0


0.4
0.9
0.2


0.0

122.4
48.8
14.9
28.2

26.2



164.3
158.6
16.4
16.3
16.3



14.9
14.9



12.9

12.9


1.1
1.1

21.7
