6.5










6.4
2.1
4.4

0.1

0.0
0.0

0.0




0.0






2.1
1.5
1.4
1.0
0.3
0.1
0.0

0.0



0.0

0.0
0.0



0.6
0.5
0.5


0.1




0.0




0.1



0.1

















9.4
4.8



4.1
4.1

3.4
0.7




0.3
0.0
0.3







0.2
0.0





0.0
0.1
0.0
0.0
0.0





0.0
0.0
0.0

0.5
0.4
0.2
0.2



0.0










0.2






0.2


0.2



0.5
0.5
0.5



0.0
0.0
0.0






0.0

0.0












0.7
0.7






1.1
1.1
1.1

0.0





0.0



3.6
0.0
0.0

0.0
0.0
0.0
0.0

3.5
3.5
0.0
0.0

0.0

0.0


0.0
0.0
0.0


0.0

33.2
18.3
2.8
5.9

14.9



105.7
104.0
1.7
0.6
0.6



0.7
0.7



0.4

0.4

0.0
0.2
0.2

0.5
