27.4
26.2
26.2
22.7
20.6
20.6
17.3
0.9
1.5
0.4
0.8
11.5
10.5
12.7
1.2
6.8

1.5
1.5
0.0
1.5
0.3
0.3
0.1
0.2
0.1

20.3
7.1
5.7
13.9
3.1
33.2
20.4
20.3
20.3
11.5
4.9
7.4

0.5

2.2
0.3
1.2
0.8
1.8
4.2


0.4
24.7
16.5
16.5

0.9
16.9

2.7
3.0
6.3
0.9

1.2
0.6
3.2
18.7

25.7
6.1
9.1
3.0
0.4
0.1
0.6
4.3
3.8
1.8

0.8
3.6

4.5
4.5
3.2
2.0
0.3

28.2
21.4
5.2
5.2

4.6
10.3
0.9
18.3
0.7
0.9
0.0
0.5
1.5
15.7
10.1
11.2
24.8
6.8
7.2
7.2
1.6
1.6
3.3
11.2
11.2

0.2
3.1
3.1

2.2
11.2
8.6
8.6
8.6

1.1
2.6


10.8
11.4
2.7
4.3
11.4
8.7
8.1
4.0
1.6
1.7
1.7


0.8

7.0
6.8
8.9
4.7

1.8
6.5
6.7
4.4
1.1
8.9
4.1


2.8
6.5

2.8
1.6


6.7
5.4
4.5


5.1


5.1
2.0
2.0


2.3
2.0

2.8
1.8
5.9


1.4
0.4
1.2


1.1
1.4
0.5

6.2
5.9




0.8
3.4
3.2
0.7
0.7
0.4





0.6
0.7
9.8
0.8

5.5
0.2
0.2
0.1
1.4
0.8
0.5
0.3
0.0
5.3
6.9
5.1
2.6
1.3
2.5

0.0

0.6
1.6
0.5
1.6
0.1

0.8
2.9
7.8
3.3

3.5

9.2


1.6
49.9
40.6
43.7
8.1
8.4

3.6

22.8
28.0
6.5


43.1
28.0
38.7
3.6
3.0
6.1
6.1
1.2
28.4
