0.70
0.42
0.40
0.02
0.08
0.08
0.01
0.01
0.01
0.00

0.18
0.10
0.08
0.00
0.01

0.19
0.19

0.17
0.02
0.00

0.00
0.00

0.02


0.02

9.52
2.67
2.61
2.30
0.21
0.10
0.06

0.02


0.00
0.01
0.01

0.02



6.85
5.72
5.72

0.00
1.13

0.09
0.13
0.02
0.00

0.03
0.01
0.12
0.74

0.43
0.05
0.16
0.06
0.02
0.00

0.02
0.01
0.00


0.01

0.01
0.01
0.00
0.00
0.00

8.47
5.86
0.26
0.26

0.18
0.17
0.02
0.13
0.03
0.00

0.00

1.01
0.36
0.56
0.09
0.18
0.16
0.15
0.02
0.02

0.72
0.27

0.00




0.27
0.18
0.14
0.14

0.02
0.03


0.09
0.06
0.02

0.79
0.68
0.64
0.04
0.00
0.00
0.00


0.00

0.04
0.01

0.01

0.01
0.02
0.07
0.03
0.00
0.00



0.03


0.03
0.00


0.58
0.48
0.44


0.03


0.10
0.00
0.00






0.03
0.06


0.00
0.00
0.00


0.00
0.00
0.00

0.16
0.15




0.01

0.05
0.02
0.02






0.01
0.00
0.02
0.00

0.55
0.04
0.04

0.19
0.17
0.02
0.03
0.00
0.06
0.03
0.00
0.05
0.01
0.04

0.00

0.00
0.09
0.00
0.09


0.02
0.09
0.01





0.00

0.01
7.51
4.63
2.88
0.05
0.05



0.20
0.12
0.02


2.53
0.02
2.51

0.11
0.05
0.05

3.10
