0.83
0.55
0.49
0.06
0.08
0.06
0.02
0.01
0.00
0.00

0.18
0.12
0.06
0.00
0.01

0.20
0.20

0.19
0.02
0.00

0.00
0.00

0.05
0.01

0.04

9.38
2.67
2.63
2.30
0.22
0.12
0.04

0.01

0.00
0.00
0.01
0.01

0.01



6.71
5.46
5.46

0.00
1.25

0.07
0.11
0.03
0.00

0.02
0.01
0.15
0.87
0.00
0.53
0.05
0.20
0.05
0.01
0.01

0.02
0.00
0.00


0.00

0.01
0.00
0.00
0.00
0.00

8.72
6.38
0.30
0.30

0.15
0.15
0.01
0.10
0.04
0.00

0.00

0.86
0.38
0.42
0.07
0.22
0.19
0.18
0.01
0.02

0.59
0.21

0.00




0.31
0.20
0.15
0.15

0.02
0.03


0.11
0.08
0.03

0.95
0.83
0.79
0.04
0.00
0.00
0.00


0.00

0.04
0.01

0.01

0.01
0.02
0.08
0.04
0.00
0.01
0.00


0.02


0.02
0.00


0.68
0.56
0.50


0.05


0.12
0.00
0.00






0.04
0.07


0.01
0.00
0.01


0.01
0.00
0.00

0.21
0.20




0.01

0.12
0.02
0.02






0.00
0.00
0.09
0.00

0.59
0.04
0.04

0.20
0.17
0.03
0.03
0.00
0.04
0.03
0.00
0.05
0.01
0.05

0.00

0.00
0.12
0.01
0.12


0.03
0.09
0.02




0.01
0.00

0.01
8.32
3.95
4.38
0.06
0.06



0.19
0.14
0.02


4.00
0.03
3.97

0.12
0.05
0.05

3.61
