8.5
6.0
5.5
6.3
2.1
2.8
1.7
0.2
0.3
0.2

1.7
0.8
0.5
0.4
2.3

0.8
0.8

0.8
0.2
0.0

0.0


6.8
2.6

11.0

22.0
11.8
11.8
11.0
2.3
3.4
0.6

0.4

1.3
0.6
0.6
0.1

0.4



16.4
15.5
15.5

0.2
8.8

0.4
1.0
0.4


0.7
0.3
1.1
8.9
0.5
6.1
1.1
1.5
0.6
0.2
0.2

0.3
0.2
0.2


0.2

0.4
0.2
0.5
0.3
0.1

19.2
16.0
2.0
2.0

1.3
2.3
0.2
3.7
1.7
0.0

0.0

7.2
2.2
2.6
2.3
1.4
1.4
1.4
1.3
1.0

2.6
2.7






4.7
1.2
1.2
1.2

0.5
1.7


1.6
1.9
1.1

3.8
3.8
3.8
1.0
0.5




0.5

0.6
0.6

0.6

0.7
0.5
0.5
0.4
0.2
1.1
0.5


0.5


0.5
0.3


3.4
2.8
2.9


0.6


2.8








0.3
1.0


0.3
0.5
0.4


0.4
0.4
0.1

2.8
2.8




0.4

0.8
0.2
0.2






0.0
0.0
6.4
0.1

2.2
0.1
0.1

0.8
0.6
0.1
0.1
0.2
0.1
3.3
0.0
1.3
0.1
1.4

0.1

0.0
0.7
0.1
0.6


0.3
1.1
1.4




4.3


0.7
35.5
15.0
32.9
6.2
6.2



3.6
4.1
2.2


34.0
4.4
34.0

3.1
0.5
0.5

13.3
