6.9
12.3
11.3
5.7
2.6
3.2
1.8
0.3
0.8
0.1

1.5
1.5
1.3
0.4
2.2

0.8
0.8

0.8
0.2
0.0

0.0
0.0

6.8
2.6

9.6

22.5
11.3
11.3
10.7
2.4
2.8
0.7

0.5

1.3
0.6
1.0
0.3

1.6



16.5
15.5
15.5

0.3
7.9

1.5
1.3
0.4
0.1

0.9
0.3
5.1
8.8
0.5
6.4
1.0
4.3
0.8
0.4
0.2

0.3
0.3
0.2


0.4

0.3
0.2
0.3
0.3
0.1

19.2
14.5
4.3
4.3

1.8
2.9
2.4
4.6
1.4
0.1

0.1

8.5
5.8
10.6
2.8
2.9
2.9
2.9
1.7
0.9

13.1
2.8

0.0




3.6
3.2
3.2
3.2

0.4
1.6


1.4
1.5
1.1

3.6
3.6
3.6
1.1
0.6
1.0
1.0


0.5

0.6
0.6

0.6

0.7
0.5
1.7
1.7
0.2
1.0
0.5


0.4


0.4
0.8


3.3
2.9
3.0


1.3


1.8
0.1
0.1






1.0
2.0


0.3
0.4
0.3


0.3
0.4
0.1

1.7
1.8




0.3

1.0
0.2
0.2






0.1
0.0
3.9
0.0

2.2
0.1
0.1

0.7
0.7
0.1
0.1
0.1
2.4
3.4
0.0
1.3
0.1
1.5

0.1

0.0
0.6
0.1
0.6


0.3
2.5
0.8




4.3
0.3

0.6
31.4
17.9
29.6
5.9
5.9



3.9
4.1
2.2


31.4
3.4
31.4

2.3
0.5
0.5

11.8
