6.2
4.8
4.8
4.1
3.2
3.3
1.9
0.5
1.0
0.1

1.4
0.6
0.7
0.5
2.0

0.8
0.8

0.8
0.3
0.0

0.0
0.0

6.8


6.8

23.0
10.7
9.0
10.7
2.5
2.3
0.7

0.6


0.3
2.3
0.4

2.0



17.1
15.4
15.4

0.4
7.0

0.6
1.4
0.4
0.1

1.0
0.4
0.9
8.7

6.7
0.8
1.6
1.0
0.5
0.1

0.3
0.4
0.3


0.5

0.2
0.3
0.1
0.2
0.0

19.8
13.1
1.6
1.6

2.3
3.4
3.6
5.1
1.1
0.1

0.1

8.9
2.2
3.5
3.0
1.4
1.6
1.6
1.8
0.7

13.1
2.9

0.0




2.9
2.7
1.2
1.2

0.4
1.5


1.2
1.3
1.1

3.3
3.2
3.3
1.2
0.7
1.0
1.0


0.4

0.6
0.5

0.5

0.7
0.5
0.4
0.3
0.2
0.8



0.4


0.4
1.7


3.0
3.0
3.2


0.3


1.4
0.1
0.1






0.2
0.6


0.2
0.2
0.2


0.2
0.3
0.1

1.5
1.5




0.3

1.0
0.3
0.3






0.1
0.0
1.1
0.0

1.9
0.1
0.1

0.7
0.7
0.1
0.1
0.0
0.4
3.4
0.0
1.2
0.2
0.3

0.0

0.1
0.5
0.1
0.5


0.7
0.7
0.5





0.3

0.5
26.6
22.1
22.7
5.5
5.5



4.2
4.0
2.2


26.1
2.4
26.1

1.8
0.6
0.6

9.4
